# http://192.168.88.243:3838/npgsClimate/ --workers 50 --loaded-duration-minutes 2 --output-dir run2
# {"appUrl":"http://192.168.88.243:3838/npgsClimate/","debugLog":false,"loadedDurationMinutes":2.0,"logLevel":"WARN","outputDir":"run2","overwriteOutput":false,"recordingPath":"recording.log","workers":50}
session_id,worker_id,iteration,event,timestamp,input_line_number,comment
11,11,0,PLAYER_SESSION_CREATE,1669236313030,0,
11,11,0,REQ_HOME_START,1669236313030,4,
11,11,0,REQ_HOME_END,1669236313345,4,
11,11,0,REQ_GET_START,1669236313345,5,
11,11,0,REQ_GET_END,1669236313352,5,
11,11,0,REQ_GET_START,1669236313352,6,
11,11,0,REQ_GET_END,1669236313354,6,
11,11,0,REQ_GET_START,1669236313354,7,
11,11,0,REQ_GET_END,1669236313365,7,
11,11,0,REQ_GET_START,1669236313365,8,
11,11,0,REQ_GET_END,1669236313373,8,
11,11,0,REQ_GET_START,1669236313373,9,
11,11,0,REQ_GET_END,1669236313377,9,
11,11,0,REQ_GET_START,1669236313377,10,
11,11,0,REQ_GET_END,1669236313378,10,
11,11,0,REQ_GET_START,1669236313378,11,
11,11,0,REQ_GET_END,1669236313379,11,
11,11,0,REQ_GET_START,1669236313379,12,
11,11,0,REQ_GET_END,1669236313381,12,
11,11,0,REQ_GET_START,1669236313381,13,
11,11,0,REQ_GET_END,1669236313382,13,
11,11,0,REQ_GET_START,1669236313382,14,
11,11,0,REQ_GET_END,1669236313385,14,
11,11,0,REQ_GET_START,1669236313385,15,
11,11,0,REQ_GET_END,1669236313386,15,
11,11,0,REQ_GET_START,1669236313386,16,
11,11,0,REQ_GET_END,1669236313390,16,
11,11,0,REQ_GET_START,1669236313390,17,
11,11,0,REQ_GET_END,1669236313393,17,
11,11,0,REQ_GET_START,1669236313393,18,
11,11,0,REQ_GET_END,1669236313397,18,
11,11,0,REQ_GET_START,1669236313397,19,
11,11,0,REQ_GET_END,1669236313400,19,
11,11,0,REQ_GET_START,1669236313400,20,
11,11,0,REQ_GET_END,1669236313402,20,
11,11,0,REQ_GET_START,1669236313402,21,
11,11,0,REQ_GET_END,1669236313408,21,
11,11,0,REQ_GET_START,1669236313408,22,
11,11,0,REQ_GET_END,1669236313410,22,
11,11,0,REQ_GET_START,1669236313410,23,
11,11,0,REQ_GET_END,1669236313412,23,
11,11,0,REQ_GET_START,1669236313412,24,
11,11,0,REQ_GET_END,1669236313415,24,
11,11,0,REQ_GET_START,1669236313415,25,
11,11,0,REQ_GET_END,1669236313427,25,
11,11,0,REQ_GET_START,1669236313427,26,
11,11,0,REQ_GET_END,1669236313429,26,
11,11,0,REQ_GET_START,1669236313429,27,
11,11,0,REQ_GET_END,1669236313434,27,
11,11,0,REQ_GET_START,1669236313434,28,
11,11,0,REQ_GET_END,1669236313436,28,
11,11,0,REQ_GET_START,1669236313436,29,
11,11,0,REQ_GET_END,1669236313437,29,
11,11,0,REQ_GET_START,1669236313437,30,
11,11,0,REQ_GET_END,1669236313442,30,
11,11,0,REQ_GET_START,1669236313442,31,
11,11,0,REQ_GET_END,1669236313446,31,
11,11,0,REQ_GET_START,1669236313446,32,
11,11,0,REQ_GET_END,1669236313451,32,
11,11,0,REQ_GET_START,1669236313451,33,
11,11,0,REQ_GET_END,1669236313452,33,
11,11,0,REQ_GET_START,1669236313452,34,
11,11,0,REQ_GET_END,1669236313462,34,
11,11,0,REQ_SINF_START,1669236313462,35,
11,11,0,REQ_SINF_END,1669236313462,35,
11,11,0,WS_OPEN_START,1669236313462,36,
11,11,0,WS_OPEN_END,1669236313464,36,
11,11,0,WS_RECV_START,1669236313464,37,
11,11,0,WS_RECV_END,1669236313464,37,
11,11,0,PLAYBACK_SLEEPBEFORE_START,1669236313464,38,
11,11,0,PLAYBACK_SLEEPBEFORE_END,1669236313467,38,
11,11,0,WS_SEND_START,1669236313467,38,
11,11,0,WS_SEND_END,1669236313467,38,
11,11,0,PLAYBACK_SLEEPBEFORE_START,1669236313467,39,
11,11,0,PLAYBACK_SLEEPBEFORE_END,1669236313474,39,
11,11,0,WS_SEND_START,1669236313474,39,
11,11,0,WS_SEND_END,1669236313474,39,
11,11,0,WS_RECV_INIT_START,1669236313474,40,
11,11,0,WS_RECV_INIT_END,1669236313474,40,
11,11,0,WS_RECV_START,1669236313474,41,
11,11,0,WS_RECV_END,1669236314026,41,
11,11,0,PLAYBACK_SLEEPBEFORE_START,1669236314026,42,
11,11,0,PLAYBACK_SLEEPBEFORE_END,1669236314037,42,
11,11,0,REQ_GET_START,1669236314037,42,
11,11,0,REQ_GET_END,1669236314042,42,
11,11,0,PLAYBACK_SLEEPBEFORE_START,1669236314042,43,
11,11,0,PLAYBACK_SLEEPBEFORE_END,1669236314049,43,
11,11,0,REQ_GET_START,1669236314049,43,
11,11,0,REQ_GET_END,1669236314051,43,
11,11,0,PLAYBACK_SLEEPBEFORE_START,1669236314051,44,
11,11,0,PLAYBACK_SLEEPBEFORE_END,1669236314055,44,
11,11,0,REQ_GET_START,1669236314055,44,
11,11,0,REQ_GET_END,1669236314062,44,
11,11,0,PLAYBACK_SLEEPBEFORE_START,1669236314062,45,
11,11,0,PLAYBACK_SLEEPBEFORE_END,1669236314173,45,
11,11,0,REQ_GET_START,1669236314173,45,
11,11,0,REQ_GET_END,1669236314175,45,
11,11,0,PLAYBACK_SLEEPBEFORE_START,1669236314175,46,
11,11,0,PLAYBACK_SLEEPBEFORE_END,1669236359205,46,
11,11,0,REQ_GET_START,1669236359205,46,
11,11,0,REQ_GET_END,1669236359237,46,
11,11,0,PLAYBACK_SLEEPBEFORE_START,1669236359237,47,
11,11,0,PLAYBACK_SLEEPBEFORE_END,1669236364567,47,
11,11,0,REQ_GET_START,1669236364567,47,
11,11,0,REQ_GET_END,1669236364569,47,
11,11,0,PLAYBACK_SLEEPBEFORE_START,1669236364569,48,
11,11,0,PLAYBACK_SLEEPBEFORE_END,1669236364576,48,
11,11,0,REQ_GET_START,1669236364576,48,
11,11,0,REQ_GET_END,1669236364664,48,
11,11,0,PLAYBACK_SLEEPBEFORE_START,1669236364664,49,
11,11,0,PLAYBACK_SLEEPBEFORE_END,1669236365226,49,
11,11,0,WS_SEND_START,1669236365226,49,
11,11,0,WS_SEND_END,1669236365226,49,
11,11,0,PLAYBACK_SLEEPBEFORE_START,1669236365226,50,
11,11,0,PLAYBACK_SLEEPBEFORE_END,1669236365227,50,
11,11,0,WS_SEND_START,1669236365227,50,
11,11,0,WS_SEND_END,1669236365227,50,
11,11,0,WS_SEND_START,1669236365227,51,
11,11,0,WS_SEND_END,1669236365227,51,
11,11,0,PLAYBACK_SLEEPBEFORE_START,1669236365227,52,
11,11,0,PLAYBACK_SLEEPBEFORE_END,1669236365228,52,
11,11,0,WS_SEND_START,1669236365228,52,
11,11,0,WS_SEND_END,1669236365228,52,
11,11,0,PLAYBACK_SLEEPBEFORE_START,1669236365228,53,
11,11,0,PLAYBACK_SLEEPBEFORE_END,1669236365229,53,
11,11,0,WS_SEND_START,1669236365229,53,
11,11,0,WS_SEND_END,1669236365230,53,
11,11,0,PLAYBACK_SLEEPBEFORE_START,1669236365230,54,
11,11,0,PLAYBACK_SLEEPBEFORE_END,1669236365231,54,
11,11,0,WS_SEND_START,1669236365231,54,
11,11,0,WS_SEND_END,1669236365231,54,
11,11,0,PLAYBACK_SLEEPBEFORE_START,1669236365231,55,
11,11,0,PLAYBACK_SLEEPBEFORE_END,1669236365232,55,
11,11,0,WS_SEND_START,1669236365232,55,
11,11,0,WS_SEND_END,1669236365232,55,
11,11,0,PLAYBACK_SLEEPBEFORE_START,1669236365232,56,
11,11,0,PLAYBACK_SLEEPBEFORE_END,1669236365234,56,
11,11,0,WS_SEND_START,1669236365234,56,
11,11,0,WS_SEND_END,1669236365234,56,
11,11,0,PLAYBACK_SLEEPBEFORE_START,1669236365234,57,
11,11,0,PLAYBACK_SLEEPBEFORE_END,1669236365237,57,
11,11,0,WS_SEND_START,1669236365237,57,
11,11,0,WS_SEND_END,1669236365237,57,
11,11,0,PLAYBACK_SLEEPBEFORE_START,1669236365237,58,
11,11,0,PLAYBACK_SLEEPBEFORE_END,1669236365238,58,
11,11,0,WS_SEND_START,1669236365238,58,
11,11,0,WS_SEND_END,1669236365238,58,
11,11,0,PLAYBACK_SLEEPBEFORE_START,1669236365238,59,
11,11,0,PLAYBACK_SLEEPBEFORE_END,1669236365520,59,
11,11,0,WS_SEND_START,1669236365520,59,
11,11,0,WS_SEND_END,1669236365520,59,
11,11,0,PLAYBACK_SLEEPBEFORE_START,1669236365520,60,
11,11,0,PLAYBACK_SLEEPBEFORE_END,1669236365622,60,
11,11,0,WS_SEND_START,1669236365622,60,
11,11,0,WS_SEND_END,1669236365622,60,
11,11,0,PLAYBACK_SLEEPBEFORE_START,1669236365622,61,
11,11,0,PLAYBACK_SLEEPBEFORE_END,1669236365623,61,
11,11,0,WS_SEND_START,1669236365623,61,
11,11,0,WS_SEND_END,1669236365623,61,
11,11,0,PLAYBACK_SLEEPBEFORE_START,1669236365623,62,
11,11,0,PLAYBACK_SLEEPBEFORE_END,1669236365688,62,
11,11,0,WS_SEND_START,1669236365688,62,
11,11,0,WS_SEND_END,1669236365688,62,
11,11,0,PLAYBACK_SLEEPBEFORE_START,1669236365688,63,
11,11,0,PLAYBACK_SLEEPBEFORE_END,1669236365690,63,
11,11,0,WS_SEND_START,1669236365690,63,
11,11,0,WS_SEND_END,1669236365690,63,
11,11,0,PLAYBACK_SLEEPBEFORE_START,1669236365690,64,
11,11,0,PLAYBACK_SLEEPBEFORE_END,1669236365791,64,
11,11,0,WS_SEND_START,1669236365791,64,
11,11,0,WS_SEND_END,1669236365791,64,
11,11,0,PLAYBACK_SLEEPBEFORE_START,1669236365791,65,
11,11,0,PLAYBACK_SLEEPBEFORE_END,1669236365792,65,
11,11,0,WS_SEND_START,1669236365792,65,
11,11,0,WS_SEND_END,1669236365792,65,
11,11,0,PLAYBACK_SLEEPBEFORE_START,1669236365792,66,
11,11,0,PLAYBACK_SLEEPBEFORE_END,1669236365890,66,
11,11,0,WS_SEND_START,1669236365890,66,
11,11,0,WS_SEND_END,1669236365890,66,
11,11,0,PLAYBACK_SLEEPBEFORE_START,1669236365890,67,
11,11,0,PLAYBACK_SLEEPBEFORE_END,1669236365891,67,
11,11,0,WS_SEND_START,1669236365891,67,
11,11,0,WS_SEND_END,1669236365891,67,
11,11,0,PLAYBACK_SLEEPBEFORE_START,1669236365891,68,
11,11,0,PLAYBACK_SLEEPBEFORE_END,1669236365957,68,
11,11,0,WS_SEND_START,1669236365957,68,
11,11,0,WS_SEND_END,1669236365957,68,
11,11,0,PLAYBACK_SLEEPBEFORE_START,1669236365957,69,
11,11,0,PLAYBACK_SLEEPBEFORE_END,1669236365958,69,
11,11,0,WS_SEND_START,1669236365958,69,
11,11,0,WS_SEND_END,1669236365958,69,
11,11,0,PLAYBACK_SLEEPBEFORE_START,1669236365958,70,
11,11,0,PLAYBACK_SLEEPBEFORE_END,1669236366051,70,
11,11,0,WS_SEND_START,1669236366051,70,
11,11,0,WS_SEND_END,1669236366051,70,
11,11,0,PLAYBACK_SLEEPBEFORE_START,1669236366051,71,
11,11,0,PLAYBACK_SLEEPBEFORE_END,1669236366052,71,
11,11,0,WS_SEND_START,1669236366052,71,
11,11,0,WS_SEND_END,1669236366052,71,
11,11,0,PLAYBACK_SLEEPBEFORE_START,1669236366052,72,
11,11,0,PLAYBACK_SLEEPBEFORE_END,1669236366072,72,
11,11,0,WS_SEND_START,1669236366072,72,
11,11,0,WS_SEND_END,1669236366072,72,
11,11,0,PLAYBACK_SLEEPBEFORE_START,1669236366072,73,
11,11,0,PLAYBACK_SLEEPBEFORE_END,1669236366074,73,
11,11,0,WS_SEND_START,1669236366074,73,
11,11,0,WS_SEND_END,1669236366074,73,
11,11,0,PLAYBACK_SLEEPBEFORE_START,1669236366074,74,
11,11,0,PLAYBACK_SLEEPBEFORE_END,1669236366342,74,
11,11,0,WS_SEND_START,1669236366342,74,
11,11,0,WS_SEND_END,1669236366342,74,
11,11,0,PLAYBACK_SLEEPBEFORE_START,1669236366342,75,
11,11,0,PLAYBACK_SLEEPBEFORE_END,1669236366343,75,
11,11,0,WS_SEND_START,1669236366343,75,
11,11,0,WS_SEND_END,1669236366343,75,
11,11,0,PLAYBACK_SLEEPBEFORE_START,1669236366343,76,
11,11,0,PLAYBACK_SLEEPBEFORE_END,1669236366371,76,
11,11,0,WS_SEND_START,1669236366371,76,
11,11,0,WS_SEND_END,1669236366371,76,
11,11,0,PLAYBACK_SLEEPBEFORE_START,1669236366371,77,
11,11,0,PLAYBACK_SLEEPBEFORE_END,1669236366410,77,
11,11,0,WS_SEND_START,1669236366410,77,
11,11,0,WS_SEND_END,1669236366410,77,
11,11,0,PLAYBACK_SLEEPBEFORE_START,1669236366410,78,
11,11,0,PLAYBACK_SLEEPBEFORE_END,1669236366548,78,
11,11,0,WS_SEND_START,1669236366548,78,
11,11,0,WS_SEND_END,1669236366548,78,
11,11,0,PLAYBACK_SLEEPBEFORE_START,1669236366548,79,
11,11,0,PLAYBACK_SLEEPBEFORE_END,1669236366549,79,
11,11,0,WS_SEND_START,1669236366549,79,
11,11,0,WS_SEND_END,1669236366549,79,
11,11,0,PLAYBACK_SLEEPBEFORE_START,1669236366549,80,
11,11,0,PLAYBACK_SLEEPBEFORE_END,1669236366775,80,
11,11,0,WS_SEND_START,1669236366775,80,
11,11,0,WS_SEND_END,1669236366775,80,
11,11,0,PLAYBACK_SLEEPBEFORE_START,1669236366775,81,
11,11,0,PLAYBACK_SLEEPBEFORE_END,1669236366776,81,
11,11,0,WS_SEND_START,1669236366776,81,
11,11,0,WS_SEND_END,1669236366777,81,
11,11,0,PLAYBACK_SLEEPBEFORE_START,1669236366777,82,
11,11,0,PLAYBACK_SLEEPBEFORE_END,1669236366827,82,
11,11,0,WS_SEND_START,1669236366827,82,
11,11,0,WS_SEND_END,1669236366827,82,
11,11,0,PLAYBACK_SLEEPBEFORE_START,1669236366827,83,
11,11,0,PLAYBACK_SLEEPBEFORE_END,1669236366828,83,
11,11,0,WS_SEND_START,1669236366828,83,
11,11,0,WS_SEND_END,1669236366828,83,
11,11,0,PLAYBACK_SLEEPBEFORE_START,1669236366828,84,
11,11,0,PLAYBACK_SLEEPBEFORE_END,1669236367160,84,
11,11,0,WS_SEND_START,1669236367160,84,
11,11,0,WS_SEND_END,1669236367160,84,
11,11,0,PLAYBACK_SLEEPBEFORE_START,1669236367160,85,
11,11,0,PLAYBACK_SLEEPBEFORE_END,1669236367162,85,
11,11,0,WS_SEND_START,1669236367162,85,
11,11,0,WS_SEND_END,1669236367162,85,
11,11,0,PLAYBACK_SLEEPBEFORE_START,1669236367162,86,
11,11,0,PLAYBACK_SLEEPBEFORE_END,1669236367340,86,
11,11,0,WS_SEND_START,1669236367340,86,
11,11,0,WS_SEND_END,1669236367340,86,
11,11,0,PLAYBACK_SLEEPBEFORE_START,1669236367340,87,
11,11,0,PLAYBACK_SLEEPBEFORE_END,1669236367435,87,
11,11,0,WS_SEND_START,1669236367435,87,
11,11,0,WS_SEND_END,1669236367435,87,
11,11,0,PLAYBACK_SLEEPBEFORE_START,1669236367435,88,
11,11,0,PLAYBACK_SLEEPBEFORE_END,1669236367873,88,
11,11,0,WS_SEND_START,1669236367873,88,
11,11,0,WS_SEND_END,1669236367873,88,
11,11,0,PLAYBACK_SLEEPBEFORE_START,1669236367873,89,
11,11,0,PLAYBACK_SLEEPBEFORE_END,1669236367955,89,
11,11,0,WS_SEND_START,1669236367955,89,
11,11,0,WS_SEND_END,1669236367955,89,
11,11,0,PLAYBACK_SLEEPBEFORE_START,1669236367955,90,
11,11,0,PLAYBACK_SLEEPBEFORE_END,1669236368262,90,
11,11,0,WS_SEND_START,1669236368262,90,
11,11,0,WS_SEND_END,1669236368262,90,
11,11,0,PLAYBACK_SLEEPBEFORE_START,1669236368262,91,
11,11,0,PLAYBACK_SLEEPBEFORE_END,1669236368263,91,
11,11,0,WS_SEND_START,1669236368263,91,
11,11,0,WS_SEND_END,1669236368263,91,
11,11,0,PLAYBACK_SLEEPBEFORE_START,1669236368263,92,
11,11,0,PLAYBACK_SLEEPBEFORE_END,1669236368391,92,
11,11,0,WS_SEND_START,1669236368391,92,
11,11,0,WS_SEND_END,1669236368391,92,
11,11,0,PLAYBACK_SLEEPBEFORE_START,1669236368391,93,
11,11,0,PLAYBACK_SLEEPBEFORE_END,1669236368460,93,
11,11,0,WS_SEND_START,1669236368460,93,
11,11,0,WS_SEND_END,1669236368460,93,
11,11,0,PLAYBACK_SLEEPBEFORE_START,1669236368460,94,
11,11,0,PLAYBACK_SLEEPBEFORE_END,1669236368677,94,
11,11,0,WS_SEND_START,1669236368677,94,
11,11,0,WS_SEND_END,1669236368677,94,
11,11,0,PLAYBACK_SLEEPBEFORE_START,1669236368677,95,
11,11,0,PLAYBACK_SLEEPBEFORE_END,1669236368678,95,
11,11,0,WS_SEND_START,1669236368678,95,
11,11,0,WS_SEND_END,1669236368678,95,
11,11,0,PLAYBACK_SLEEPBEFORE_START,1669236368678,96,
11,11,0,PLAYBACK_SLEEPBEFORE_END,1669236368778,96,
11,11,0,WS_SEND_START,1669236368778,96,
11,11,0,WS_SEND_END,1669236368778,96,
11,11,0,PLAYBACK_SLEEPBEFORE_START,1669236368778,97,
11,11,0,PLAYBACK_SLEEPBEFORE_END,1669236368779,97,
11,11,0,WS_SEND_START,1669236368779,97,
11,11,0,WS_SEND_END,1669236368779,97,
11,11,0,PLAYBACK_SLEEPBEFORE_START,1669236368779,98,
11,11,0,PLAYBACK_SLEEPBEFORE_END,1669236368780,98,
11,11,0,WS_SEND_START,1669236368780,98,
11,11,0,WS_SEND_END,1669236368780,98,
11,11,0,PLAYBACK_SLEEPBEFORE_START,1669236368780,99,
11,11,0,PLAYBACK_SLEEPBEFORE_END,1669236369695,99,
11,11,0,WS_SEND_START,1669236369695,99,
11,11,0,WS_SEND_END,1669236369696,99,
11,11,0,WS_RECV_START,1669236369696,100,
11,11,0,WS_RECV_END,1669236370269,100,
11,11,0,PLAYBACK_SLEEPBEFORE_START,1669236370269,101,
11,11,0,PLAYBACK_SLEEPBEFORE_END,1669236370403,101,
11,11,0,WS_SEND_START,1669236370403,101,
11,11,0,WS_SEND_END,1669236370403,101,
11,11,0,PLAYBACK_SLEEPBEFORE_START,1669236370403,102,
11,11,0,PLAYBACK_SLEEPBEFORE_END,1669236370404,102,
11,11,0,WS_SEND_START,1669236370404,102,
11,11,0,WS_SEND_END,1669236370404,102,
11,11,0,WS_SEND_START,1669236370404,103,
11,11,0,WS_SEND_END,1669236370404,103,
11,11,0,PLAYBACK_SLEEPBEFORE_START,1669236370404,104,
11,11,0,PLAYBACK_SLEEPBEFORE_END,1669236370405,104,
11,11,0,WS_SEND_START,1669236370405,104,
11,11,0,WS_SEND_END,1669236370405,104,
11,11,0,PLAYBACK_SLEEPBEFORE_START,1669236370405,105,
11,11,0,PLAYBACK_SLEEPBEFORE_END,1669236370406,105,
11,11,0,WS_SEND_START,1669236370406,105,
11,11,0,WS_SEND_END,1669236370406,105,
11,11,0,WS_SEND_START,1669236370406,106,
11,11,0,WS_SEND_END,1669236370406,106,
11,11,0,PLAYBACK_SLEEPBEFORE_START,1669236370406,107,
11,11,0,PLAYBACK_SLEEPBEFORE_END,1669236370531,107,
11,11,0,WS_SEND_START,1669236370531,107,
11,11,0,WS_SEND_END,1669236370531,107,
11,11,0,WS_RECV_START,1669236370531,108,
11,11,0,WS_RECV_END,1669236371041,108,
11,11,0,PLAYBACK_SLEEPBEFORE_START,1669236371041,109,
11,11,0,PLAYBACK_SLEEPBEFORE_END,1669236371178,109,
11,11,0,WS_SEND_START,1669236371178,109,
11,11,0,WS_SEND_END,1669236371178,109,
11,11,0,PLAYBACK_SLEEPBEFORE_START,1669236371178,110,
11,11,0,PLAYBACK_SLEEPBEFORE_END,1669236371179,110,
11,11,0,WS_SEND_START,1669236371179,110,
11,11,0,WS_SEND_END,1669236371179,110,
11,11,0,PLAYBACK_SLEEPBEFORE_START,1669236371179,111,
11,11,0,PLAYBACK_SLEEPBEFORE_END,1669236371180,111,
11,11,0,WS_SEND_START,1669236371180,111,
11,11,0,WS_SEND_END,1669236371180,111,
11,11,0,PLAYBACK_SLEEPBEFORE_START,1669236371180,112,
11,11,0,PLAYBACK_SLEEPBEFORE_END,1669236371181,112,
11,11,0,WS_SEND_START,1669236371181,112,
11,11,0,WS_SEND_END,1669236371181,112,
11,11,0,WS_SEND_START,1669236371181,113,
11,11,0,WS_SEND_END,1669236371181,113,
11,11,0,PLAYBACK_SLEEPBEFORE_START,1669236371181,114,
11,11,0,PLAYBACK_SLEEPBEFORE_END,1669236371182,114,
11,11,0,WS_SEND_START,1669236371182,114,
11,11,0,WS_SEND_END,1669236371182,114,
11,11,0,PLAYBACK_SLEEPBEFORE_START,1669236371182,115,
11,11,0,PLAYBACK_SLEEPBEFORE_END,1669236371436,115,
11,11,0,WS_SEND_START,1669236371436,115,
11,11,0,WS_SEND_END,1669236371436,115,
11,11,0,WS_RECV_START,1669236371436,116,
11,11,0,WS_RECV_END,1669236371653,116,
11,11,0,PLAYBACK_SLEEPBEFORE_START,1669236371653,117,
11,11,0,PLAYBACK_SLEEPBEFORE_END,1669236371750,117,
11,11,0,WS_SEND_START,1669236371750,117,
11,11,0,WS_SEND_END,1669236371750,117,
11,11,0,PLAYBACK_SLEEPBEFORE_START,1669236371751,118,
11,11,0,PLAYBACK_SLEEPBEFORE_END,1669236371752,118,
11,11,0,WS_SEND_START,1669236371752,118,
11,11,0,WS_SEND_END,1669236371752,118,
11,11,0,PLAYBACK_SLEEPBEFORE_START,1669236371752,119,
11,11,0,PLAYBACK_SLEEPBEFORE_END,1669236371753,119,
11,11,0,WS_SEND_START,1669236371753,119,
11,11,0,WS_SEND_END,1669236371753,119,
11,11,0,PLAYBACK_SLEEPBEFORE_START,1669236371753,120,
11,11,0,PLAYBACK_SLEEPBEFORE_END,1669236371754,120,
11,11,0,WS_SEND_START,1669236371754,120,
11,11,0,WS_SEND_END,1669236371754,120,
11,11,0,PLAYBACK_SLEEPBEFORE_START,1669236371754,121,
11,11,0,PLAYBACK_SLEEPBEFORE_END,1669236371755,121,
11,11,0,WS_SEND_START,1669236371755,121,
11,11,0,WS_SEND_END,1669236371755,121,
11,11,0,WS_SEND_START,1669236371755,122,
11,11,0,WS_SEND_END,1669236371755,122,
11,11,0,PLAYBACK_SLEEPBEFORE_START,1669236371755,123,
11,11,0,PLAYBACK_SLEEPBEFORE_END,1669236373241,123,
11,11,0,WS_SEND_START,1669236373241,123,
11,11,0,WS_SEND_END,1669236373241,123,
11,11,0,WS_RECV_START,1669236373241,124,
11,11,0,WS_RECV_END,1669236373416,124,
11,11,0,PLAYBACK_SLEEPBEFORE_START,1669236373416,125,
11,11,0,PLAYBACK_SLEEPBEFORE_END,1669236373511,125,
11,11,0,WS_SEND_START,1669236373511,125,
11,11,0,WS_SEND_END,1669236373511,125,
11,11,0,PLAYBACK_SLEEPBEFORE_START,1669236373511,126,
11,11,0,PLAYBACK_SLEEPBEFORE_END,1669236373512,126,
11,11,0,WS_SEND_START,1669236373512,126,
11,11,0,WS_SEND_END,1669236373512,126,
11,11,0,PLAYBACK_SLEEPBEFORE_START,1669236373512,127,
11,11,0,PLAYBACK_SLEEPBEFORE_END,1669236373514,127,
11,11,0,WS_SEND_START,1669236373514,127,
11,11,0,WS_SEND_END,1669236373514,127,
11,11,0,WS_SEND_START,1669236373514,128,
11,11,0,WS_SEND_END,1669236373514,128,
11,11,0,PLAYBACK_SLEEPBEFORE_START,1669236373514,129,
11,11,0,PLAYBACK_SLEEPBEFORE_END,1669236373515,129,
11,11,0,WS_SEND_START,1669236373515,129,
11,11,0,WS_SEND_END,1669236373515,129,
11,11,0,PLAYBACK_SLEEPBEFORE_START,1669236373515,130,
11,11,0,PLAYBACK_SLEEPBEFORE_END,1669236373516,130,
11,11,0,WS_SEND_START,1669236373516,130,
11,11,0,WS_SEND_END,1669236373516,130,
11,11,0,PLAYBACK_SLEEPBEFORE_START,1669236373516,131,
11,11,0,PLAYBACK_SLEEPBEFORE_END,1669236373944,131,
11,11,0,WS_SEND_START,1669236373944,131,
11,11,0,WS_SEND_END,1669236373944,131,
11,11,0,WS_RECV_START,1669236373944,132,
11,11,0,WS_RECV_END,1669236374365,132,
11,11,0,PLAYBACK_SLEEPBEFORE_START,1669236374365,133,
11,11,0,PLAYBACK_SLEEPBEFORE_END,1669236374440,133,
11,11,0,WS_SEND_START,1669236374440,133,
11,11,0,WS_SEND_END,1669236374440,133,
11,11,0,WS_SEND_START,1669236374440,134,
11,11,0,WS_SEND_END,1669236374440,134,
11,11,0,PLAYBACK_SLEEPBEFORE_START,1669236374440,135,
11,11,0,PLAYBACK_SLEEPBEFORE_END,1669236374441,135,
11,11,0,WS_SEND_START,1669236374441,135,
11,11,0,WS_SEND_END,1669236374442,135,
11,11,0,PLAYBACK_SLEEPBEFORE_START,1669236374442,136,
11,11,0,PLAYBACK_SLEEPBEFORE_END,1669236374443,136,
11,11,0,WS_SEND_START,1669236374443,136,
11,11,0,WS_SEND_END,1669236374443,136,
11,11,0,WS_SEND_START,1669236374443,137,
11,11,0,WS_SEND_END,1669236374443,137,
11,11,0,PLAYBACK_SLEEPBEFORE_START,1669236374443,138,
11,11,0,PLAYBACK_SLEEPBEFORE_END,1669236374444,138,
11,11,0,WS_SEND_START,1669236374444,138,
11,11,0,WS_SEND_END,1669236374444,138,
11,11,0,PLAYBACK_SLEEPBEFORE_START,1669236374444,139,
11,11,0,PLAYBACK_SLEEPBEFORE_END,1669236375925,139,
11,11,0,WS_SEND_START,1669236375925,139,
11,11,0,WS_SEND_END,1669236375925,139,
11,11,0,WS_RECV_START,1669236375925,140,
11,11,0,WS_RECV_END,1669236376339,140,
11,11,0,PLAYBACK_SLEEPBEFORE_START,1669236376339,141,
11,11,0,PLAYBACK_SLEEPBEFORE_END,1669236421381,141,
11,11,0,WS_SEND_START,1669236421381,141,
11,11,0,WS_SEND_END,1669236421381,141,
11,11,0,PLAYBACK_SLEEPBEFORE_START,1669236421381,142,
11,11,0,PLAYBACK_SLEEPBEFORE_END,1669236421382,142,
11,11,0,WS_SEND_START,1669236421382,142,
11,11,0,WS_SEND_END,1669236421382,142,
11,11,0,PLAYBACK_SLEEPBEFORE_START,1669236421382,143,
11,11,0,PLAYBACK_SLEEPBEFORE_END,1669236421383,143,
11,11,0,WS_SEND_START,1669236421383,143,
11,11,0,WS_SEND_END,1669236421383,143,
11,11,0,PLAYBACK_SLEEPBEFORE_START,1669236421383,144,
11,11,0,PLAYBACK_SLEEPBEFORE_END,1669236421384,144,
11,11,0,WS_SEND_START,1669236421384,144,
11,11,0,WS_SEND_END,1669236421384,144,
11,11,0,PLAYBACK_SLEEPBEFORE_START,1669236421384,145,
11,11,0,PLAYBACK_SLEEPBEFORE_END,1669236421385,145,
11,11,0,WS_SEND_START,1669236421385,145,
11,11,0,WS_SEND_END,1669236421385,145,
11,11,0,PLAYBACK_SLEEPBEFORE_START,1669236421385,146,
11,11,0,PLAYBACK_SLEEPBEFORE_END,1669236421386,146,
11,11,0,WS_SEND_START,1669236421386,146,
11,11,0,WS_SEND_END,1669236421386,146,
11,11,0,PLAYBACK_SLEEPBEFORE_START,1669236421386,147,
11,11,0,PLAYBACK_SLEEPBEFORE_END,1669236421388,147,
11,11,0,WS_SEND_START,1669236421388,147,
11,11,0,WS_SEND_END,1669236421388,147,
11,11,0,PLAYBACK_SLEEPBEFORE_START,1669236421388,148,
11,11,0,PLAYBACK_SLEEPBEFORE_END,1669236421389,148,
11,11,0,WS_SEND_START,1669236421389,148,
11,11,0,WS_SEND_END,1669236421389,148,
11,11,0,PLAYBACK_SLEEPBEFORE_START,1669236421389,149,
11,11,0,PLAYBACK_SLEEPBEFORE_END,1669236421390,149,
11,11,0,WS_SEND_START,1669236421390,149,
11,11,0,WS_SEND_END,1669236421390,149,
11,11,0,PLAYBACK_SLEEPBEFORE_START,1669236421390,150,
11,11,0,PLAYBACK_SLEEPBEFORE_END,1669236421391,150,
11,11,0,WS_SEND_START,1669236421391,150,
11,11,0,WS_SEND_END,1669236421391,150,
11,11,0,PLAYBACK_SLEEPBEFORE_START,1669236421391,151,
11,11,0,PLAYBACK_SLEEPBEFORE_END,1669236421392,151,
11,11,0,WS_SEND_START,1669236421392,151,
11,11,0,WS_SEND_END,1669236421392,151,
11,11,0,PLAYBACK_SLEEPBEFORE_START,1669236421392,152,
11,11,0,PLAYBACK_SLEEPBEFORE_END,1669236421395,152,
11,11,0,WS_SEND_START,1669236421395,152,
11,11,0,WS_SEND_END,1669236421395,152,
11,11,0,PLAYBACK_SLEEPBEFORE_START,1669236421395,153,
11,11,0,PLAYBACK_SLEEPBEFORE_END,1669236421396,153,
11,11,0,WS_SEND_START,1669236421396,153,
11,11,0,WS_SEND_END,1669236421396,153,
11,11,0,PLAYBACK_SLEEPBEFORE_START,1669236421396,154,
11,11,0,PLAYBACK_SLEEPBEFORE_END,1669236421398,154,
11,11,0,WS_SEND_START,1669236421398,154,
11,11,0,WS_SEND_END,1669236421398,154,
11,11,0,PLAYBACK_SLEEPBEFORE_START,1669236421398,155,
11,11,0,PLAYBACK_SLEEPBEFORE_END,1669236421400,155,
11,11,0,WS_SEND_START,1669236421400,155,
11,11,0,WS_SEND_END,1669236421400,155,
11,11,0,PLAYBACK_SLEEPBEFORE_START,1669236421400,156,
11,11,0,PLAYBACK_SLEEPBEFORE_END,1669236421402,156,
11,11,0,WS_SEND_START,1669236421402,156,
11,11,0,WS_SEND_END,1669236421402,156,
11,11,0,PLAYBACK_SLEEPBEFORE_START,1669236421402,157,
11,11,0,PLAYBACK_SLEEPBEFORE_END,1669236421403,157,
11,11,0,WS_SEND_START,1669236421403,157,
11,11,0,WS_SEND_END,1669236421403,157,
11,11,0,PLAYBACK_SLEEPBEFORE_START,1669236421403,158,
11,11,0,PLAYBACK_SLEEPBEFORE_END,1669236421405,158,
11,11,0,WS_SEND_START,1669236421405,158,
11,11,0,WS_SEND_END,1669236421405,158,
11,11,0,PLAYBACK_SLEEPBEFORE_START,1669236421405,159,
11,11,0,PLAYBACK_SLEEPBEFORE_END,1669236421407,159,
11,11,0,WS_SEND_START,1669236421407,159,
11,11,0,WS_SEND_END,1669236421407,159,
11,11,0,PLAYBACK_SLEEPBEFORE_START,1669236421407,160,
11,11,0,PLAYBACK_SLEEPBEFORE_END,1669236421408,160,
11,11,0,WS_SEND_START,1669236421409,160,
11,11,0,WS_SEND_END,1669236421409,160,
11,11,0,PLAYBACK_SLEEPBEFORE_START,1669236421409,161,
11,11,0,PLAYBACK_SLEEPBEFORE_END,1669236421411,161,
11,11,0,WS_SEND_START,1669236421411,161,
11,11,0,WS_SEND_END,1669236421411,161,
11,11,0,PLAYBACK_SLEEPBEFORE_START,1669236421411,162,
11,11,0,PLAYBACK_SLEEPBEFORE_END,1669236421413,162,
11,11,0,WS_SEND_START,1669236421413,162,
11,11,0,WS_SEND_END,1669236421413,162,
11,11,0,PLAYBACK_SLEEPBEFORE_START,1669236421413,163,
11,11,0,PLAYBACK_SLEEPBEFORE_END,1669236421415,163,
11,11,0,WS_SEND_START,1669236421415,163,
11,11,0,WS_SEND_END,1669236421415,163,
11,11,0,PLAYBACK_SLEEPBEFORE_START,1669236421415,164,
11,11,0,PLAYBACK_SLEEPBEFORE_END,1669236421417,164,
11,11,0,WS_SEND_START,1669236421417,164,
11,11,0,WS_SEND_END,1669236421417,164,
11,11,0,PLAYBACK_SLEEPBEFORE_START,1669236421417,165,
11,11,0,PLAYBACK_SLEEPBEFORE_END,1669236421418,165,
11,11,0,WS_SEND_START,1669236421418,165,
11,11,0,WS_SEND_END,1669236421418,165,
11,11,0,PLAYBACK_SLEEPBEFORE_START,1669236421418,166,
11,11,0,PLAYBACK_SLEEPBEFORE_END,1669236421420,166,
11,11,0,WS_SEND_START,1669236421420,166,
11,11,0,WS_SEND_END,1669236421420,166,
11,11,0,PLAYBACK_SLEEPBEFORE_START,1669236421420,167,
11,11,0,PLAYBACK_SLEEPBEFORE_END,1669236421422,167,
11,11,0,WS_SEND_START,1669236421422,167,
11,11,0,WS_SEND_END,1669236421422,167,
11,11,0,PLAYBACK_SLEEPBEFORE_START,1669236421422,168,
11,11,0,PLAYBACK_SLEEPBEFORE_END,1669236421423,168,
11,11,0,WS_SEND_START,1669236421423,168,
11,11,0,WS_SEND_END,1669236421423,168,
11,11,0,PLAYBACK_SLEEPBEFORE_START,1669236421423,169,
11,11,0,PLAYBACK_SLEEPBEFORE_END,1669236421424,169,
11,11,0,WS_SEND_START,1669236421424,169,
11,11,0,WS_SEND_END,1669236421424,169,
11,11,0,PLAYBACK_SLEEPBEFORE_START,1669236421424,170,
11,11,0,PLAYBACK_SLEEPBEFORE_END,1669236421426,170,
11,11,0,WS_SEND_START,1669236421426,170,
11,11,0,WS_SEND_END,1669236421426,170,
11,11,0,PLAYBACK_SLEEPBEFORE_START,1669236421426,171,
11,11,0,PLAYBACK_SLEEPBEFORE_END,1669236421427,171,
11,11,0,WS_SEND_START,1669236421427,171,
11,11,0,WS_SEND_END,1669236421427,171,
11,11,0,PLAYBACK_SLEEPBEFORE_START,1669236421427,172,
11,11,0,PLAYBACK_SLEEPBEFORE_END,1669236421429,172,
11,11,0,WS_SEND_START,1669236421429,172,
11,11,0,WS_SEND_END,1669236421429,172,
11,11,0,PLAYBACK_SLEEPBEFORE_START,1669236421429,173,
11,11,0,PLAYBACK_SLEEPBEFORE_END,1669236421430,173,
11,11,0,WS_SEND_START,1669236421430,173,
11,11,0,WS_SEND_END,1669236421430,173,
11,11,0,PLAYBACK_SLEEPBEFORE_START,1669236421430,174,
11,11,0,PLAYBACK_SLEEPBEFORE_END,1669236421431,174,
11,11,0,WS_SEND_START,1669236421431,174,
11,11,0,WS_SEND_END,1669236421431,174,
11,11,0,PLAYBACK_SLEEPBEFORE_START,1669236421431,175,
11,11,0,PLAYBACK_SLEEPBEFORE_END,1669236421432,175,
11,11,0,WS_SEND_START,1669236421432,175,
11,11,0,WS_SEND_END,1669236421432,175,
11,11,0,WS_SEND_START,1669236421432,176,
11,11,0,WS_SEND_END,1669236421432,176,
11,11,0,PLAYBACK_SLEEPBEFORE_START,1669236421432,177,
11,11,0,PLAYBACK_SLEEPBEFORE_END,1669236421434,177,
11,11,0,WS_SEND_START,1669236421434,177,
11,11,0,WS_SEND_END,1669236421434,177,
11,11,0,PLAYBACK_SLEEPBEFORE_START,1669236421434,178,
11,11,0,PLAYBACK_SLEEPBEFORE_END,1669236421435,178,
11,11,0,WS_SEND_START,1669236421435,178,
11,11,0,WS_SEND_END,1669236421435,178,
11,11,0,PLAYBACK_SLEEPBEFORE_START,1669236421435,179,
11,11,0,PLAYBACK_SLEEPBEFORE_END,1669236421436,179,
11,11,0,WS_SEND_START,1669236421436,179,
11,11,0,WS_SEND_END,1669236421436,179,
11,11,0,WS_SEND_START,1669236421436,180,
11,11,0,WS_SEND_END,1669236421436,180,
11,11,0,PLAYBACK_SLEEPBEFORE_START,1669236421436,181,
11,11,0,PLAYBACK_SLEEPBEFORE_END,1669236421437,181,
11,11,0,WS_SEND_START,1669236421437,181,
11,11,0,WS_SEND_END,1669236421437,181,
11,11,0,WS_SEND_START,1669236421437,182,
11,11,0,WS_SEND_END,1669236421437,182,
11,11,0,PLAYBACK_SLEEPBEFORE_START,1669236421437,183,
11,11,0,PLAYBACK_SLEEPBEFORE_END,1669236421438,183,
11,11,0,WS_SEND_START,1669236421438,183,
11,11,0,WS_SEND_END,1669236421438,183,
11,11,0,WS_SEND_START,1669236421438,184,
11,11,0,WS_SEND_END,1669236421438,184,
11,11,0,PLAYBACK_SLEEPBEFORE_START,1669236421438,185,
11,11,0,PLAYBACK_SLEEPBEFORE_END,1669236421439,185,
11,11,0,WS_SEND_START,1669236421439,185,
11,11,0,WS_SEND_END,1669236421439,185,
11,11,0,WS_SEND_START,1669236421439,186,
11,11,0,WS_SEND_END,1669236421439,186,
11,11,0,WS_SEND_START,1669236421439,187,
11,11,0,WS_SEND_END,1669236421439,187,
11,11,0,PLAYBACK_SLEEPBEFORE_START,1669236421439,188,
11,11,0,PLAYBACK_SLEEPBEFORE_END,1669236421440,188,
11,11,0,WS_SEND_START,1669236421440,188,
11,11,0,WS_SEND_END,1669236421440,188,
11,11,0,WS_SEND_START,1669236421440,189,
11,11,0,WS_SEND_END,1669236421440,189,
11,11,0,PLAYBACK_SLEEPBEFORE_START,1669236421440,190,
11,11,0,PLAYBACK_SLEEPBEFORE_END,1669236421441,190,
11,11,0,WS_SEND_START,1669236421441,190,
11,11,0,WS_SEND_END,1669236421441,190,
11,11,0,WS_SEND_START,1669236421441,191,
11,11,0,WS_SEND_END,1669236421441,191,
11,11,0,PLAYBACK_SLEEPBEFORE_START,1669236421441,192,
11,11,0,PLAYBACK_SLEEPBEFORE_END,1669236421442,192,
11,11,0,WS_SEND_START,1669236421442,192,
11,11,0,WS_SEND_END,1669236421442,192,
11,11,0,WS_SEND_START,1669236421442,193,
11,11,0,WS_SEND_END,1669236421442,193,
11,11,0,PLAYBACK_SLEEPBEFORE_START,1669236421442,194,
11,11,0,PLAYBACK_SLEEPBEFORE_END,1669236421443,194,
11,11,0,WS_SEND_START,1669236421443,194,
11,11,0,WS_SEND_END,1669236421443,194,
11,11,0,WS_SEND_START,1669236421443,195,
11,11,0,WS_SEND_END,1669236421443,195,
11,11,0,WS_SEND_START,1669236421443,196,
11,11,0,WS_SEND_END,1669236421443,196,
11,11,0,PLAYBACK_SLEEPBEFORE_START,1669236421443,197,
11,11,0,PLAYBACK_SLEEPBEFORE_END,1669236421444,197,
11,11,0,WS_SEND_START,1669236421444,197,
11,11,0,WS_SEND_END,1669236421444,197,
11,11,0,WS_SEND_START,1669236421444,198,
11,11,0,WS_SEND_END,1669236421444,198,
11,11,0,PLAYBACK_SLEEPBEFORE_START,1669236421444,199,
11,11,0,PLAYBACK_SLEEPBEFORE_END,1669236421445,199,
11,11,0,WS_SEND_START,1669236421445,199,
11,11,0,WS_SEND_END,1669236421445,199,
11,11,0,WS_SEND_START,1669236421445,200,
11,11,0,WS_SEND_END,1669236421445,200,
11,11,0,PLAYBACK_SLEEPBEFORE_START,1669236421445,201,
11,11,0,PLAYBACK_SLEEPBEFORE_END,1669236421446,201,
11,11,0,WS_SEND_START,1669236421446,201,
11,11,0,WS_SEND_END,1669236421446,201,
11,11,0,WS_SEND_START,1669236421446,202,
11,11,0,WS_SEND_END,1669236421446,202,
11,11,0,PLAYBACK_SLEEPBEFORE_START,1669236421446,203,
11,11,0,PLAYBACK_SLEEPBEFORE_END,1669236421447,203,
11,11,0,WS_SEND_START,1669236421447,203,
11,11,0,WS_SEND_END,1669236421447,203,
11,11,0,WS_SEND_START,1669236421447,204,
11,11,0,WS_SEND_END,1669236421447,204,
11,11,0,WS_SEND_START,1669236421447,205,
11,11,0,WS_SEND_END,1669236421447,205,
11,11,0,PLAYBACK_SLEEPBEFORE_START,1669236421447,206,
11,11,0,PLAYBACK_SLEEPBEFORE_END,1669236421449,206,
11,11,0,WS_SEND_START,1669236421449,206,
11,11,0,WS_SEND_END,1669236421449,206,
11,11,0,WS_SEND_START,1669236421449,207,
11,11,0,WS_SEND_END,1669236421449,207,
11,11,0,PLAYBACK_SLEEPBEFORE_START,1669236421449,208,
11,11,0,PLAYBACK_SLEEPBEFORE_END,1669236421450,208,
11,11,0,WS_SEND_START,1669236421450,208,
11,11,0,WS_SEND_END,1669236421450,208,
11,11,0,WS_RECV_START,1669236421450,209,
11,11,0,WS_RECV_END,1669236427795,209,
11,11,0,WS_RECV_START,1669236427795,210,
11,11,0,WS_RECV_END,1669236428243,210,
11,11,0,WS_RECV_START,1669236428243,211,
11,11,0,WS_RECV_END,1669236428282,211,
11,11,0,PLAYBACK_SLEEPBEFORE_START,1669236428282,212,
11,11,0,PLAYBACK_SLEEPBEFORE_END,1669236428374,212,
11,11,0,REQ_GET_START,1669236428374,212,
11,11,0,REQ_GET_END,1669236428376,212,
11,11,0,PLAYBACK_SLEEPBEFORE_START,1669236428376,213,
11,11,0,PLAYBACK_SLEEPBEFORE_END,1669236428386,213,
11,11,0,REQ_GET_START,1669236428386,213,
11,11,0,REQ_GET_END,1669236428387,213,
11,11,0,WS_RECV_START,1669236428387,214,
11,11,0,WS_RECV_END,1669236428486,214,
11,11,0,WS_RECV_START,1669236428486,215,
11,11,0,WS_RECV_END,1669236428936,215,
11,11,0,WS_RECV_START,1669236428936,216,
11,11,0,WS_RECV_END,1669236429178,216,
11,11,0,PLAYBACK_SLEEPBEFORE_START,1669236429178,217,
11,11,0,PLAYBACK_SLEEPBEFORE_END,1669236429179,217,
11,11,0,WS_SEND_START,1669236429179,217,
11,11,0,WS_SEND_END,1669236429179,217,
11,11,0,WS_SEND_START,1669236429179,218,
11,11,0,WS_SEND_END,1669236429179,218,
11,11,0,PLAYBACK_SLEEPBEFORE_START,1669236429179,219,
11,11,0,PLAYBACK_SLEEPBEFORE_END,1669236429180,219,
11,11,0,WS_SEND_START,1669236429180,219,
11,11,0,WS_SEND_END,1669236429180,219,
11,11,0,WS_SEND_START,1669236429180,220,
11,11,0,WS_SEND_END,1669236429180,220,
11,11,0,PLAYBACK_SLEEPBEFORE_START,1669236429180,221,
11,11,0,PLAYBACK_SLEEPBEFORE_END,1669236429181,221,
11,11,0,WS_SEND_START,1669236429181,221,
11,11,0,WS_SEND_END,1669236429181,221,
11,11,0,WS_SEND_START,1669236429181,222,
11,11,0,WS_SEND_END,1669236429181,222,
11,11,0,PLAYBACK_SLEEPBEFORE_START,1669236429181,223,
11,11,0,PLAYBACK_SLEEPBEFORE_END,1669236429182,223,
11,11,0,WS_SEND_START,1669236429182,223,
11,11,0,WS_SEND_END,1669236429182,223,
11,11,0,PLAYBACK_SLEEPBEFORE_START,1669236429182,224,
11,11,0,PLAYBACK_SLEEPBEFORE_END,1669236429184,224,
11,11,0,WS_SEND_START,1669236429184,224,
11,11,0,WS_SEND_END,1669236429184,224,
11,11,0,WS_SEND_START,1669236429184,225,
11,11,0,WS_SEND_END,1669236429184,225,
11,11,0,PLAYBACK_SLEEPBEFORE_START,1669236429184,226,
11,11,0,PLAYBACK_SLEEPBEFORE_END,1669236429185,226,
11,11,0,WS_SEND_START,1669236429185,226,
11,11,0,WS_SEND_END,1669236429185,226,
11,11,0,WS_SEND_START,1669236429185,227,
11,11,0,WS_SEND_END,1669236429185,227,
11,11,0,PLAYBACK_SLEEPBEFORE_START,1669236429185,228,
11,11,0,PLAYBACK_SLEEPBEFORE_END,1669236429186,228,
11,11,0,WS_SEND_START,1669236429186,228,
11,11,0,WS_SEND_END,1669236429186,228,
11,11,0,WS_SEND_START,1669236429186,229,
11,11,0,WS_SEND_END,1669236429186,229,
11,11,0,PLAYBACK_SLEEPBEFORE_START,1669236429186,230,
11,11,0,PLAYBACK_SLEEPBEFORE_END,1669236429187,230,
11,11,0,WS_SEND_START,1669236429187,230,
11,11,0,WS_SEND_END,1669236429187,230,
11,11,0,WS_SEND_START,1669236429187,231,
11,11,0,WS_SEND_END,1669236429187,231,
11,11,0,WS_SEND_START,1669236429187,232,
11,11,0,WS_SEND_END,1669236429187,232,
11,11,0,PLAYBACK_SLEEPBEFORE_START,1669236429187,233,
11,11,0,PLAYBACK_SLEEPBEFORE_END,1669236429188,233,
11,11,0,WS_SEND_START,1669236429188,233,
11,11,0,WS_SEND_END,1669236429188,233,
11,11,0,WS_SEND_START,1669236429188,234,
11,11,0,WS_SEND_END,1669236429188,234,
11,11,0,PLAYBACK_SLEEPBEFORE_START,1669236429188,235,
11,11,0,PLAYBACK_SLEEPBEFORE_END,1669236429189,235,
11,11,0,WS_SEND_START,1669236429189,235,
11,11,0,WS_SEND_END,1669236429189,235,
11,11,0,WS_SEND_START,1669236429189,236,
11,11,0,WS_SEND_END,1669236429189,236,
11,11,0,PLAYBACK_SLEEPBEFORE_START,1669236429189,237,
11,11,0,PLAYBACK_SLEEPBEFORE_END,1669236429190,237,
11,11,0,WS_SEND_START,1669236429190,237,
11,11,0,WS_SEND_END,1669236429190,237,
11,11,0,WS_SEND_START,1669236429190,238,
11,11,0,WS_SEND_END,1669236429190,238,
11,11,0,PLAYBACK_SLEEPBEFORE_START,1669236429190,239,
11,11,0,PLAYBACK_SLEEPBEFORE_END,1669236429191,239,
11,11,0,WS_SEND_START,1669236429191,239,
11,11,0,WS_SEND_END,1669236429191,239,
11,11,0,WS_SEND_START,1669236429191,240,
11,11,0,WS_SEND_END,1669236429191,240,
11,11,0,PLAYBACK_SLEEPBEFORE_START,1669236429191,241,
11,11,0,PLAYBACK_SLEEPBEFORE_END,1669236429192,241,
11,11,0,WS_SEND_START,1669236429192,241,
11,11,0,WS_SEND_END,1669236429192,241,
11,11,0,WS_SEND_START,1669236429192,242,
11,11,0,WS_SEND_END,1669236429192,242,
11,11,0,WS_SEND_START,1669236429192,243,
11,11,0,WS_SEND_END,1669236429192,243,
11,11,0,PLAYBACK_SLEEPBEFORE_START,1669236429192,244,
11,11,0,PLAYBACK_SLEEPBEFORE_END,1669236429193,244,
11,11,0,WS_SEND_START,1669236429193,244,
11,11,0,WS_SEND_END,1669236429193,244,
11,11,0,WS_SEND_START,1669236429193,245,
11,11,0,WS_SEND_END,1669236429193,245,
11,11,0,PLAYBACK_SLEEPBEFORE_START,1669236429193,246,
11,11,0,PLAYBACK_SLEEPBEFORE_END,1669236429194,246,
11,11,0,WS_SEND_START,1669236429194,246,
11,11,0,WS_SEND_END,1669236429194,246,
11,11,0,WS_SEND_START,1669236429194,247,
11,11,0,WS_SEND_END,1669236429194,247,
11,11,0,PLAYBACK_SLEEPBEFORE_START,1669236429194,248,
11,11,0,PLAYBACK_SLEEPBEFORE_END,1669236429195,248,
11,11,0,WS_SEND_START,1669236429195,248,
11,11,0,WS_SEND_END,1669236429195,248,
11,11,0,WS_SEND_START,1669236429195,249,
11,11,0,WS_SEND_END,1669236429196,249,
11,11,0,PLAYBACK_SLEEPBEFORE_START,1669236429196,250,
11,11,0,PLAYBACK_SLEEPBEFORE_END,1669236429197,250,
11,11,0,WS_SEND_START,1669236429197,250,
11,11,0,WS_SEND_END,1669236429197,250,
11,11,0,WS_SEND_START,1669236429197,251,
11,11,0,WS_SEND_END,1669236429197,251,
11,11,0,PLAYBACK_SLEEPBEFORE_START,1669236429197,252,
11,11,0,PLAYBACK_SLEEPBEFORE_END,1669236429198,252,
11,11,0,WS_SEND_START,1669236429198,252,
11,11,0,WS_SEND_END,1669236429198,252,
11,11,0,WS_SEND_START,1669236429198,253,
11,11,0,WS_SEND_END,1669236429198,253,
11,11,0,PLAYBACK_SLEEPBEFORE_START,1669236429198,254,
11,11,0,PLAYBACK_SLEEPBEFORE_END,1669236429199,254,
11,11,0,WS_SEND_START,1669236429199,254,
11,11,0,WS_SEND_END,1669236429199,254,
11,11,0,WS_SEND_START,1669236429199,255,
11,11,0,WS_SEND_END,1669236429199,255,
11,11,0,PLAYBACK_SLEEPBEFORE_START,1669236429199,256,
11,11,0,PLAYBACK_SLEEPBEFORE_END,1669236429200,256,
11,11,0,WS_SEND_START,1669236429200,256,
11,11,0,WS_SEND_END,1669236429200,256,
11,11,0,WS_SEND_START,1669236429200,257,
11,11,0,WS_SEND_END,1669236429200,257,
11,11,0,PLAYBACK_SLEEPBEFORE_START,1669236429200,258,
11,11,0,PLAYBACK_SLEEPBEFORE_END,1669236429201,258,
11,11,0,WS_SEND_START,1669236429201,258,
11,11,0,WS_SEND_END,1669236429201,258,
11,11,0,WS_SEND_START,1669236429201,259,
11,11,0,WS_SEND_END,1669236429201,259,
11,11,0,WS_SEND_START,1669236429201,260,
11,11,0,WS_SEND_END,1669236429201,260,
11,11,0,PLAYBACK_SLEEPBEFORE_START,1669236429201,261,
11,11,0,PLAYBACK_SLEEPBEFORE_END,1669236429202,261,
11,11,0,WS_SEND_START,1669236429202,261,
11,11,0,WS_SEND_END,1669236429202,261,
11,11,0,WS_SEND_START,1669236429202,262,
11,11,0,WS_SEND_END,1669236429202,262,
11,11,0,PLAYBACK_SLEEPBEFORE_START,1669236429202,263,
11,11,0,PLAYBACK_SLEEPBEFORE_END,1669236429203,263,
11,11,0,WS_SEND_START,1669236429203,263,
11,11,0,WS_SEND_END,1669236429203,263,
11,11,0,WS_SEND_START,1669236429203,264,
11,11,0,WS_SEND_END,1669236429203,264,
11,11,0,PLAYBACK_SLEEPBEFORE_START,1669236429203,265,
11,11,0,PLAYBACK_SLEEPBEFORE_END,1669236429204,265,
11,11,0,WS_CLOSE_START,1669236429204,265,
11,11,0,WS_CLOSE_END,1669236429204,265,
11,11,0,PLAYBACK_DONE,1669236429204,0,
